"0","50","47345"
"50","0","47345"
"0","18","6569"
"18","0","6569"
"0","2","49447"
"2","0","49447"
"0","12","61356"
"12","0","61356"
"0","44","5182"
"44","0","5182"
"0","52","56908"
"52","0","56908"
"0","48","9086"
"48","0","9086"
"0","25","14405"
"25","0","14405"
"0","21","28158"
"21","0","28158"
"0","29","51093"
"29","0","51093"
"0","9","11302"
"9","0","11302"
"0","61","30609"
"61","0","30609"
"0","59","2937"
"59","0","2937"
"0","8","9559"
"8","0","9559"
"0","51","43878"
"51","0","43878"
"0","11","65142"
"11","0","65142"
"0","49","33263"
"49","0","33263"
"1","21","53897"
"21","1","53897"
"1","51","31574"
"51","1","31574"
"1","18","11370"
"18","1","11370"
"1","54","16352"
"54","1","16352"
"1","15","31900"
"15","1","31900"
"1","32","8714"
"32","1","8714"
"1","14","50223"
"14","1","50223"
"1","36","57704"
"36","1","57704"
"1","20","56353"
"20","1","56353"
"1","5","13657"
"5","1","13657"
"1","37","40054"
"37","1","40054"
"1","34","10959"
"34","1","10959"
"1","47","19356"
"47","1","19356"
"1","43","33884"
"43","1","33884"
"1","58","22995"
"58","1","22995"
"1","24","27903"
"24","1","27903"
"1","44","28359"
"44","1","28359"
"1","28","12003"
"28","1","12003"
"1","0","43717"
"0","1","43717"
"2","15","50881"
"15","2","50881"
"2","7","54082"
"7","2","54082"
"2","59","58452"
"59","2","58452"
"2","52","15224"
"52","2","15224"
"2","18","4839"
"18","2","4839"
"2","24","26593"
"24","2","26593"
"2","21","24065"
"21","2","24065"
"2","11","50826"
"11","2","50826"
"2","51","48232"
"51","2","48232"
"2","25","51912"
"25","2","51912"
"2","57","10177"
"57","2","10177"
"2","58","35805"
"58","2","35805"
"2","54","4687"
"54","2","4687"
"2","38","49569"
"38","2","49569"
"2","9","26547"
"9","2","26547"
"2","10","30484"
"10","2","30484"
"2","35","51303"
"35","2","51303"
"2","43","41987"
"43","2","41987"
"3","24","26344"
"24","3","26344"
"3","52","12807"
"52","3","12807"
"3","20","53207"
"20","3","53207"
"3","8","17627"
"8","3","17627"
"3","14","42974"
"14","3","42974"
"3","11","57726"
"11","3","57726"
"3","58","7186"
"58","3","7186"
"3","26","52230"
"26","3","52230"
"3","42","39965"
"42","3","39965"
"3","1","3933"
"1","3","3933"
"3","61","41132"
"61","3","41132"
"3","59","24451"
"59","3","24451"
"3","37","38237"
"37","3","38237"
"3","56","16323"
"56","3","16323"
"3","28","35771"
"28","3","35771"
"3","29","2636"
"29","3","2636"
"3","60","36488"
"60","3","36488"
"3","41","48744"
"41","3","48744"
"3","23","34916"
"23","3","34916"
"3","57","64385"
"57","3","64385"
"3","54","50653"
"54","3","50653"
"3","30","17000"
"30","3","17000"
"4","0","49980"
"0","4","49980"
"4","33","63610"
"33","4","63610"
"4","37","21311"
"37","4","21311"
"4","47","15502"
"47","4","15502"
"4","27","53184"
"27","4","53184"
"4","18","3407"
"18","4","3407"
"4","36","10348"
"36","4","10348"
"4","13","35117"
"13","4","35117"
"4","31","25050"
"31","4","25050"
"4","30","48822"
"30","4","48822"
"4","41","1740"
"41","4","1740"
"4","32","19100"
"32","4","19100"
"4","61","21184"
"61","4","21184"
"4","11","58028"
"11","4","58028"
"4","22","27997"
"22","4","27997"
"4","34","12956"
"34","4","12956"
"4","23","25971"
"23","4","25971"
"4","49","6029"
"49","4","6029"
"4","54","36625"
"54","4","36625"
"5","6","30720"
"6","5","30720"
"5","52","48298"
"52","5","48298"
"5","57","62632"
"57","5","62632"
"5","60","51679"
"60","5","51679"
"5","19","27601"
"19","5","27601"
"5","38","42915"
"38","5","42915"
"5","59","22245"
"59","5","22245"
"5","56","21698"
"56","5","21698"
"5","11","20447"
"11","5","20447"
"5","15","60567"
"15","5","60567"
"5","27","64940"
"27","5","64940"
"5","9","31667"
"9","5","31667"
"5","40","47827"
"40","5","47827"
"5","49","24608"
"49","5","24608"
"5","41","64967"
"41","5","64967"
"5","26","40997"
"26","5","40997"
"5","42","59891"
"42","5","59891"
"5","23","23988"
"23","5","23988"
"6","30","58673"
"30","6","58673"
"6","10","40768"
"10","6","40768"
"6","35","48836"
"35","6","48836"
"6","56","57919"
"56","6","57919"
"6","16","4096"
"16","6","4096"
"6","36","9848"
"36","6","9848"
"6","0","58342"
"0","6","58342"
"6","37","44247"
"37","6","44247"
"6","59","47244"
"59","6","47244"
"6","9","334"
"9","6","334"
"6","4","34989"
"4","6","34989"
"6","17","41378"
"17","6","41378"
"6","48","33366"
"48","6","33366"
"6","39","24350"
"39","6","24350"
"6","29","40942"
"29","6","40942"
"6","38","30426"
"38","6","30426"
"6","42","53672"
"42","6","53672"
"6","46","58789"
"46","6","58789"
"6","49","59507"
"49","6","59507"
"7","29","41959"
"29","7","41959"
"7","37","4179"
"37","7","4179"
"7","3","28952"
"3","7","28952"
"7","21","3614"
"21","7","3614"
"7","8","49485"
"8","7","49485"
"7","9","58105"
"9","7","58105"
"7","56","39642"
"56","7","39642"
"7","54","17776"
"54","7","17776"
"7","6","23634"
"6","7","23634"
"7","59","7782"
"59","7","7782"
"7","42","48263"
"42","7","48263"
"7","10","57867"
"10","7","57867"
"7","16","8694"
"16","7","8694"
"7","19","63616"
"19","7","63616"
"7","39","29044"
"39","7","29044"
"7","55","43280"
"55","7","43280"
"7","35","26686"
"35","7","26686"
"7","27","43397"
"27","7","43397"
"8","44","18366"
"44","8","18366"
"8","60","61034"
"60","8","61034"
"8","6","15766"
"6","8","15766"
"8","35","1171"
"35","8","1171"
"8","28","38899"
"28","8","38899"
"8","33","48495"
"33","8","48495"
"8","27","24112"
"27","8","24112"
"8","49","9856"
"49","8","9856"
"8","37","9077"
"37","8","9077"
"8","61","47023"
"61","8","47023"
"8","14","34930"
"14","8","34930"
"8","51","33908"
"51","8","33908"
"8","10","20333"
"10","8","20333"
"8","25","13553"
"25","8","13553"
"8","36","4974"
"36","8","4974"
"8","55","54398"
"55","8","54398"
"8","48","10695"
"48","8","10695"
"9","29","44627"
"29","9","44627"
"9","15","65025"
"15","9","65025"
"9","27","50285"
"27","9","50285"
"9","63","60261"
"63","9","60261"
"9","56","41679"
"56","9","41679"
"9","58","25554"
"58","9","25554"
"9","51","57681"
"51","9","57681"
"9","12","34950"
"12","9","34950"
"9","59","3007"
"59","9","3007"
"9","55","4386"
"55","9","4386"
"9","40","59666"
"40","9","59666"
"9","47","61245"
"47","9","61245"
"9","34","38502"
"34","9","38502"
"10","43","8641"
"43","10","8641"
"10","11","24784"
"11","10","24784"
"10","18","50338"
"18","10","50338"
"10","13","23389"
"13","10","23389"
"10","37","19945"
"37","10","19945"
"10","55","28208"
"55","10","28208"
"10","15","44566"
"15","10","44566"
"10","20","9230"
"20","10","9230"
"10","30","17605"
"30","10","17605"
"10","3","31428"
"3","10","31428"
"10","27","49767"
"27","10","49767"
"10","24","44868"
"24","10","44868"
"10","4","50107"
"4","10","50107"
"10","46","20529"
"46","10","20529"
"10","5","15005"
"5","10","15005"
"10","17","47364"
"17","10","47364"
"10","31","19735"
"31","10","19735"
"11","24","28567"
"24","11","28567"
"11","17","29218"
"17","11","29218"
"11","18","61368"
"18","11","61368"
"11","26","60630"
"26","11","60630"
"11","27","14382"
"27","11","14382"
"11","9","9543"
"9","11","9543"
"11","56","2072"
"56","11","2072"
"11","19","318"
"19","11","318"
"11","49","4809"
"49","11","4809"
"11","40","22877"
"40","11","22877"
"11","55","36977"
"55","11","36977"
"11","22","31510"
"22","11","31510"
"11","6","23941"
"6","11","23941"
"11","58","25320"
"58","11","25320"
"11","28","58580"
"28","11","58580"
"11","59","53377"
"59","11","53377"
"11","51","56213"
"51","11","56213"
"11","33","63225"
"33","11","63225"
"12","20","64844"
"20","12","64844"
"12","51","9535"
"51","12","9535"
"12","34","9878"
"34","12","9878"
"12","24","26978"
"24","12","26978"
"12","60","19471"
"60","12","19471"
"12","48","30015"
"48","12","30015"
"12","17","3514"
"17","12","3514"
"12","31","24209"
"31","12","24209"
"12","6","55986"
"6","12","55986"
"12","42","13803"
"42","12","13803"
"12","37","36014"
"37","12","36014"
"12","30","19380"
"30","12","19380"
"12","39","13301"
"39","12","13301"
"12","18","48302"
"18","12","48302"
"12","2","23739"
"2","12","23739"
"12","27","32328"
"27","12","32328"
"12","15","10621"
"15","12","10621"
"13","3","44118"
"3","13","44118"
"13","21","63760"
"21","13","63760"
"13","59","5362"
"59","13","5362"
"13","12","42504"
"12","13","42504"
"13","23","15419"
"23","13","15419"
"13","44","58584"
"44","13","58584"
"13","50","35519"
"50","13","35519"
"13","62","62458"
"62","13","62458"
"13","48","10022"
"48","13","10022"
"13","52","6355"
"52","13","6355"
"13","33","62087"
"33","13","62087"
"13","43","13365"
"43","13","13365"
"13","57","1074"
"57","13","1074"
"13","1","20643"
"1","13","20643"
"13","0","29314"
"0","13","29314"
"13","34","52073"
"34","13","52073"
"13","28","39851"
"28","13","39851"
"13","8","8693"
"8","13","8693"
"13","26","24758"
"26","13","24758"
"13","6","52057"
"6","13","52057"
"13","19","24628"
"19","13","24628"
"13","56","47892"
"56","13","47892"
"13","31","62824"
"31","13","62824"
"14","39","13456"
"39","14","13456"
"14","13","47635"
"13","14","47635"
"14","53","8306"
"53","14","8306"
"14","24","33879"
"24","14","33879"
"14","7","2061"
"7","14","2061"
"14","40","33434"
"40","14","33434"
"14","0","834"
"0","14","834"
"14","63","16610"
"63","14","16610"
"14","32","62615"
"32","14","62615"
"14","42","3220"
"42","14","3220"
"14","59","34392"
"59","14","34392"
"14","54","36259"
"54","14","36259"
"14","55","13015"
"55","14","13015"
"14","45","35613"
"45","14","35613"
"14","35","34767"
"35","14","34767"
"14","46","28228"
"46","14","28228"
"14","33","21119"
"33","14","21119"
"15","29","17295"
"29","15","17295"
"15","46","28962"
"46","15","28962"
"15","26","39783"
"26","15","39783"
"15","28","45749"
"28","15","45749"
"15","4","37191"
"4","15","37191"
"15","39","45722"
"39","15","45722"
"15","38","12534"
"38","15","12534"
"15","62","24732"
"62","15","24732"
"15","42","14639"
"42","15","14639"
"15","33","35645"
"33","15","35645"
"15","49","65164"
"49","15","65164"
"15","11","32237"
"11","15","32237"
"15","23","32823"
"23","15","32823"
"15","21","46996"
"21","15","46996"
"16","10","44987"
"10","16","44987"
"16","55","24774"
"55","16","24774"
"16","17","44682"
"17","16","44682"
"16","46","276"
"46","16","276"
"16","56","64756"
"56","16","64756"
"16","43","42269"
"43","16","42269"
"16","32","52613"
"32","16","52613"
"16","37","56756"
"37","16","56756"
"16","8","22286"
"8","16","22286"
"16","40","26388"
"40","16","26388"
"16","28","3542"
"28","16","3542"
"16","29","2592"
"29","16","2592"
"16","19","31155"
"19","16","31155"
"16","58","2269"
"58","16","2269"
"16","1","39628"
"1","16","39628"
"16","4","4479"
"4","16","4479"
"16","51","31942"
"51","16","31942"
"16","54","12647"
"54","16","12647"
"16","49","16350"
"49","16","16350"
"16","25","15360"
"25","16","15360"
"16","30","3436"
"30","16","3436"
"17","3","35040"
"3","17","35040"
"17","20","18497"
"20","17","18497"
"17","18","60833"
"18","17","60833"
"17","4","36394"
"4","17","36394"
"17","24","33694"
"24","17","33694"
"17","31","37208"
"31","17","37208"
"17","8","59295"
"8","17","59295"
"17","58","33983"
"58","17","33983"
"17","1","2483"
"1","17","2483"
"17","28","23651"
"28","17","23651"
"17","5","5785"
"5","17","5785"
"17","49","57725"
"49","17","57725"
"17","54","31664"
"54","17","31664"
"17","14","59152"
"14","17","59152"
"17","36","10403"
"36","17","10403"
"17","15","56615"
"15","17","56615"
"17","50","11291"
"50","17","11291"
"17","62","1587"
"62","17","1587"
"17","22","33418"
"22","17","33418"
"17","48","51805"
"48","17","51805"
"17","0","2887"
"0","17","2887"
"17","37","13887"
"37","17","13887"
"18","58","44282"
"58","18","44282"
"18","47","23635"
"47","18","23635"
"18","9","17847"
"9","18","17847"
"18","24","10935"
"24","18","10935"
"18","56","32234"
"56","18","32234"
"18","54","29338"
"54","18","29338"
"18","32","49510"
"32","18","49510"
"18","28","51389"
"28","18","51389"
"18","33","39546"
"33","18","39546"
"18","29","63536"
"29","18","63536"
"18","41","32011"
"41","18","32011"
"18","7","24400"
"7","18","24400"
"18","15","58409"
"15","18","58409"
"18","40","39792"
"40","18","39792"
"18","43","42199"
"43","18","42199"
"18","23","57527"
"23","18","57527"
"18","45","44872"
"45","18","44872"
"18","14","28837"
"14","18","28837"
"18","8","45354"
"8","18","45354"
"19","10","53409"
"10","19","53409"
"19","14","63714"
"14","19","63714"
"19","15","49082"
"15","19","49082"
"19","55","13533"
"55","19","13533"
"19","61","34718"
"61","19","34718"
"19","43","3100"
"43","19","3100"
"19","20","17342"
"20","19","17342"
"19","2","21595"
"2","19","21595"
"19","63","38515"
"63","19","38515"
"19","24","51014"
"24","19","51014"
"19","49","50810"
"49","19","50810"
"19","39","24633"
"39","19","24633"
"19","1","6770"
"1","19","6770"
"19","60","60613"
"60","19","60613"
"19","35","15052"
"35","19","15052"
"19","6","15213"
"6","19","15213"
"19","9","27065"
"9","19","27065"
"19","22","1590"
"22","19","1590"
"19","17","62793"
"17","19","62793"
"19","26","24816"
"26","19","24816"
"19","31","53810"
"31","19","53810"
"20","34","48533"
"34","20","48533"
"20","46","28508"
"46","20","28508"
"20","6","8747"
"6","20","8747"
"20","11","47537"
"11","20","47537"
"20","62","40062"
"62","20","40062"
"20","2","64692"
"2","20","64692"
"20","45","58861"
"45","20","58861"
"20","61","35618"
"61","20","35618"
"20","52","8209"
"52","20","8209"
"20","24","12994"
"24","20","12994"
"20","47","30247"
"47","20","30247"
"20","38","40051"
"38","20","40051"
"20","55","38889"
"55","20","38889"
"20","57","3856"
"57","20","3856"
"20","44","791"
"44","20","791"
"20","60","58358"
"60","20","58358"
"20","40","50819"
"40","20","50819"
"20","39","1415"
"39","20","1415"
"20","25","61614"
"25","20","61614"
"20","37","61127"
"37","20","61127"
"20","15","1950"
"15","20","1950"
"21","18","60526"
"18","21","60526"
"21","9","4847"
"9","21","4847"
"21","45","47050"
"45","21","47050"
"21","47","3905"
"47","21","3905"
"21","24","59652"
"24","21","59652"
"21","62","29834"
"62","21","29834"
"21","4","37565"
"4","21","37565"
"21","58","7745"
"58","21","7745"
"21","52","62204"
"52","21","62204"
"21","5","56181"
"5","21","56181"
"21","53","12668"
"53","21","12668"
"21","38","62364"
"38","21","62364"
"21","61","15347"
"61","21","15347"
"21","43","1802"
"43","21","1802"
"21","8","4425"
"8","21","4425"
"21","26","44987"
"26","21","44987"
"21","46","133"
"46","21","133"
"21","28","59251"
"28","21","59251"
"21","37","29843"
"37","21","29843"
"21","27","3785"
"27","21","3785"
"21","39","4650"
"39","21","4650"
"21","22","1551"
"22","21","1551"
"21","12","7349"
"12","21","7349"
"22","12","25055"
"12","22","25055"
"22","43","12775"
"43","22","12775"
"22","32","50744"
"32","22","50744"
"22","28","58188"
"28","22","58188"
"22","42","48662"
"42","22","48662"
"22","47","39437"
"47","22","39437"
"22","54","59844"
"54","22","59844"
"22","38","51114"
"38","22","51114"
"22","20","7032"
"20","22","7032"
"22","37","48471"
"37","22","48471"
"22","14","1229"
"14","22","1229"
"22","41","53992"
"41","22","53992"
"22","59","55735"
"59","22","55735"
"22","3","56142"
"3","22","56142"
"22","53","62125"
"53","22","62125"
"22","7","27259"
"7","22","27259"
"23","30","38544"
"30","23","38544"
"23","49","46678"
"49","23","46678"
"23","47","24130"
"47","23","24130"
"23","58","37340"
"58","23","37340"
"23","37","7072"
"37","23","7072"
"23","12","50141"
"12","23","50141"
"23","38","7571"
"38","23","7571"
"23","41","18306"
"41","23","18306"
"23","55","22211"
"55","23","22211"
"23","34","23832"
"34","23","23832"
"23","39","16755"
"39","23","16755"
"23","1","61448"
"1","23","61448"
"23","42","5559"
"42","23","5559"
"23","32","31625"
"32","23","31625"
"23","60","30798"
"60","23","30798"
"23","46","39366"
"46","23","39366"
"23","43","50835"
"43","23","50835"
"23","28","8537"
"28","23","8537"
"23","10","52043"
"10","23","52043"
"23","33","62885"
"33","23","62885"
"24","49","22099"
"49","24","22099"
"24","6","55382"
"6","24","55382"
"24","15","6382"
"15","24","6382"
"24","27","53838"
"27","24","53838"
"24","44","22608"
"44","24","22608"
"24","53","63336"
"53","24","63336"
"24","48","62714"
"48","24","62714"
"24","8","4697"
"8","24","4697"
"24","7","40740"
"7","24","40740"
"24","30","37133"
"30","24","37133"
"24","51","43087"
"51","24","43087"
"24","23","28358"
"23","24","28358"
"24","43","25040"
"43","24","25040"
"24","32","18238"
"32","24","18238"
"24","39","40627"
"39","24","40627"
"24","57","36186"
"57","24","36186"
"24","61","16449"
"61","24","16449"
"25","24","52283"
"24","25","52283"
"25","53","49795"
"53","25","49795"
"25","54","23749"
"54","25","23749"
"25","31","30992"
"31","25","30992"
"25","49","32581"
"49","25","32581"
"25","57","44306"
"57","25","44306"
"25","42","60228"
"42","25","60228"
"25","55","10671"
"55","25","10671"
"25","36","57831"
"36","25","57831"
"25","5","5094"
"5","25","5094"
"25","6","65254"
"6","25","65254"
"25","28","50137"
"28","25","50137"
"25","12","22729"
"12","25","22729"
"25","23","45295"
"23","25","45295"
"25","41","23243"
"41","25","23243"
"25","48","43445"
"48","25","43445"
"25","62","60875"
"62","25","60875"
"25","15","34023"
"15","25","34023"
"26","0","54606"
"0","26","54606"
"26","2","53100"
"2","26","53100"
"26","49","33040"
"49","26","33040"
"26","9","27433"
"9","26","27433"
"26","54","44958"
"54","26","44958"
"26","28","36922"
"28","26","36922"
"26","46","35861"
"46","26","35861"
"26","45","27315"
"45","26","27315"
"26","58","20216"
"58","26","20216"
"26","1","11691"
"1","26","11691"
"26","30","33920"
"30","26","33920"
"26","51","37035"
"51","26","37035"
"26","39","34766"
"39","26","34766"
"26","7","3430"
"7","26","3430"
"26","32","4887"
"32","26","4887"
"26","16","60845"
"16","26","60845"
"26","17","6360"
"17","26","6360"
"26","43","32259"
"43","26","32259"
"27","44","14170"
"44","27","14170"
"27","57","9505"
"57","27","9505"
"27","18","8975"
"18","27","8975"
"27","39","42222"
"39","27","42222"
"27","59","48219"
"59","27","48219"
"27","56","35225"
"56","27","35225"
"27","58","23635"
"58","27","23635"
"27","41","41523"
"41","27","41523"
"27","16","50121"
"16","27","50121"
"27","3","41643"
"3","27","41643"
"27","61","21922"
"61","27","21922"
"27","25","53946"
"25","27","53946"
"27","63","18919"
"63","27","18919"
"27","54","34420"
"54","27","34420"
"27","28","41971"
"28","27","41971"
"27","49","56457"
"49","27","56457"
"27","31","49657"
"31","27","49657"
"28","39","6230"
"39","28","6230"
"28","41","28004"
"41","28","28004"
"28","61","59899"
"61","28","59899"
"28","48","47607"
"48","28","47607"
"28","32","45483"
"32","28","45483"
"28","10","269"
"10","28","269"
"28","14","17921"
"14","28","17921"
"28","44","56880"
"44","28","56880"
"28","4","36371"
"4","28","36371"
"28","42","64306"
"42","28","64306"
"28","60","60348"
"60","28","60348"
"28","36","1292"
"36","28","1292"
"28","49","60329"
"49","28","60329"
"28","0","1922"
"0","28","1922"
"28","6","30015"
"6","28","30015"
"28","7","27106"
"7","28","27106"
"29","41","46102"
"41","29","46102"
"29","56","6442"
"56","29","6442"
"29","52","58774"
"52","29","58774"
"29","12","38373"
"12","29","38373"
"29","51","32123"
"51","29","32123"
"29","60","16783"
"60","29","16783"
"29","45","50918"
"45","29","50918"
"29","59","40281"
"59","29","40281"
"29","22","5464"
"22","29","5464"
"29","27","48075"
"27","29","48075"
"29","48","30978"
"48","29","30978"
"29","34","48278"
"34","29","48278"
"29","42","51601"
"42","29","51601"
"29","63","20859"
"63","29","20859"
"29","37","33395"
"37","29","33395"
"29","30","32013"
"30","29","32013"
"30","54","24802"
"54","30","24802"
"30","61","14786"
"61","30","14786"
"30","42","14381"
"42","30","14381"
"30","31","12608"
"31","30","12608"
"30","41","63154"
"41","30","63154"
"30","48","32815"
"48","30","32815"
"30","58","61218"
"58","30","61218"
"30","38","29314"
"38","30","29314"
"30","25","57259"
"25","30","57259"
"30","40","27962"
"40","30","27962"
"30","51","33"
"51","30","33"
"30","20","56980"
"20","30","56980"
"30","49","16404"
"49","30","16404"
"30","5","44854"
"5","30","44854"
"30","8","10722"
"8","30","10722"
"30","17","12996"
"17","30","12996"
"30","33","25893"
"33","30","25893"
"31","57","60314"
"57","31","60314"
"31","60","47959"
"60","31","47959"
"31","1","61637"
"1","31","61637"
"31","61","8156"
"61","31","8156"
"31","22","33025"
"22","31","33025"
"31","23","23514"
"23","31","23514"
"31","62","37642"
"62","31","37642"
"31","46","16297"
"46","31","16297"
"31","15","22440"
"15","31","22440"
"31","35","49202"
"35","31","49202"
"31","29","46508"
"29","31","46508"
"31","16","39935"
"16","31","39935"
"31","24","18217"
"24","31","18217"
"31","54","62860"
"54","31","62860"
"31","47","47048"
"47","31","47048"
"31","56","8770"
"56","31","8770"
"31","2","36393"
"2","31","36393"
"32","55","40962"
"55","32","40962"
"32","50","18764"
"50","32","18764"
"32","42","63847"
"42","32","63847"
"32","11","35560"
"11","32","35560"
"32","48","41669"
"48","32","41669"
"32","39","57894"
"39","32","57894"
"32","0","5802"
"0","32","5802"
"32","41","22131"
"41","32","22131"
"32","45","27694"
"45","32","27694"
"32","54","29141"
"54","32","29141"
"32","27","1829"
"27","32","1829"
"32","59","1521"
"59","32","1521"
"32","43","17363"
"43","32","17363"
"32","46","6978"
"46","32","6978"
"32","8","35227"
"8","32","35227"
"32","15","47541"
"15","32","47541"
"33","49","18592"
"49","33","18592"
"33","22","12012"
"22","33","12012"
"33","38","59198"
"38","33","59198"
"33","31","38523"
"31","33","38523"
"33","3","26059"
"3","33","26059"
"33","40","56378"
"40","33","56378"
"33","10","48777"
"10","33","48777"
"33","24","31293"
"24","33","31293"
"33","47","32018"
"47","33","32018"
"33","44","1122"
"44","33","1122"
"33","32","23868"
"32","33","23868"
"33","36","60464"
"36","33","60464"
"33","7","53796"
"7","33","53796"
"33","54","1956"
"54","33","1956"
"33","48","41794"
"48","33","41794"
"33","45","831"
"45","33","831"
"33","60","24169"
"60","33","24169"
"33","29","60666"
"29","33","60666"
"33","20","10426"
"20","33","10426"
"34","46","42703"
"46","34","42703"
"34","62","12392"
"62","34","12392"
"34","5","13760"
"5","34","13760"
"34","27","23430"
"27","34","23430"
"34","17","2384"
"17","34","2384"
"34","32","54454"
"32","34","54454"
"34","8","26569"
"8","34","26569"
"34","28","23577"
"28","34","23577"
"34","7","7003"
"7","34","7003"
"34","31","23040"
"31","34","23040"
"34","53","50647"
"53","34","50647"
"34","51","23475"
"51","34","23475"
"34","2","6023"
"2","34","6023"
"34","60","41188"
"60","34","41188"
"34","19","60454"
"19","34","60454"
"34","50","60266"
"50","34","60266"
"34","47","32222"
"47","34","32222"
"35","55","57917"
"55","35","57917"
"35","20","15595"
"20","35","15595"
"35","12","6079"
"12","35","6079"
"35","27","570"
"27","35","570"
"35","5","49478"
"5","35","49478"
"35","28","49612"
"28","35","49612"
"35","48","26151"
"48","35","26151"
"35","54","5885"
"54","35","5885"
"35","15","60363"
"15","35","60363"
"35","16","44795"
"16","35","44795"
"35","58","43009"
"58","35","43009"
"35","24","48142"
"24","35","48142"
"35","11","53465"
"11","35","53465"
"35","33","26545"
"33","35","26545"
"35","47","40860"
"47","35","40860"
"35","41","64905"
"41","35","64905"
"35","51","19816"
"51","35","19816"
"35","53","5587"
"53","35","5587"
"35","10","58444"
"10","35","58444"
"36","55","32148"
"55","36","32148"
"36","41","20795"
"41","36","20795"
"36","22","47479"
"22","36","47479"
"36","35","60071"
"35","36","60071"
"36","45","64589"
"45","36","64589"
"36","5","15736"
"5","36","15736"
"36","10","47803"
"10","36","47803"
"36","27","9110"
"27","36","9110"
"36","43","27668"
"43","36","27668"
"36","26","51694"
"26","36","51694"
"36","52","23475"
"52","36","23475"
"36","44","19251"
"44","36","19251"
"36","37","19788"
"37","36","19788"
"36","31","23831"
"31","36","23831"
"36","16","32668"
"16","36","32668"
"36","11","27289"
"11","36","27289"
"37","41","4530"
"41","37","4530"
"37","49","6732"
"49","37","6732"
"37","60","25206"
"60","37","25206"
"37","11","52907"
"11","37","52907"
"37","39","30687"
"39","37","30687"
"37","63","61589"
"63","37","61589"
"37","26","20604"
"26","37","20604"
"37","25","45035"
"25","37","45035"
"37","55","4410"
"55","37","4410"
"37","62","13358"
"62","37","13358"
"37","0","22413"
"0","37","22413"
"37","47","21198"
"47","37","21198"
"37","44","23315"
"44","37","23315"
"37","18","20777"
"18","37","20777"
"38","57","12059"
"57","38","12059"
"38","34","19599"
"34","38","19599"
"38","9","51403"
"9","38","51403"
"38","60","39844"
"60","38","39844"
"38","8","41158"
"8","38","41158"
"38","53","43298"
"53","38","43298"
"38","52","53151"
"52","38","53151"
"38","14","38941"
"14","38","38941"
"38","47","50043"
"47","38","50043"
"38","24","7125"
"24","38","7125"
"38","62","3818"
"62","38","3818"
"39","60","44962"
"60","39","44962"
"39","56","14741"
"56","39","14741"
"39","40","55778"
"40","39","55778"
"39","1","31876"
"1","39","31876"
"39","61","5233"
"61","39","5233"
"39","10","43440"
"10","39","43440"
"39","47","22678"
"47","39","22678"
"39","35","6050"
"35","39","6050"
"39","50","1420"
"50","39","1420"
"39","0","28299"
"0","39","28299"
"39","44","34472"
"44","39","34472"
"39","46","63666"
"46","39","63666"
"39","58","57100"
"58","39","57100"
"39","31","14969"
"31","39","14969"
"39","29","15376"
"29","39","15376"
"40","13","31110"
"13","40","31110"
"40","57","61034"
"57","40","61034"
"40","21","46183"
"21","40","46183"
"40","35","45592"
"35","40","45592"
"40","42","47617"
"42","40","47617"
"40","10","20933"
"10","40","20933"
"40","54","33666"
"54","40","33666"
"40","63","37186"
"63","40","37186"
"40","49","16621"
"49","40","16621"
"40","45","7636"
"45","40","7636"
"40","1","38004"
"1","40","38004"
"40","2","62466"
"2","40","62466"
"40","27","25942"
"27","40","25942"
"40","32","15446"
"32","40","15446"
"40","4","37204"
"4","40","37204"
"40","12","36972"
"12","40","36972"
"40","55","2212"
"55","40","2212"
"40","7","39734"
"7","40","39734"
"40","0","15885"
"0","40","15885"
"40","36","27789"
"36","40","27789"
"41","55","18730"
"55","41","18730"
"41","47","28102"
"47","41","28102"
"41","43","15034"
"43","41","15034"
"41","19","19870"
"19","41","19870"
"41","12","6975"
"12","41","6975"
"41","39","57386"
"39","41","57386"
"41","52","54238"
"52","41","54238"
"41","61","31399"
"61","41","31399"
"41","49","10555"
"49","41","10555"
"41","54","4753"
"54","41","4753"
"41","1","32228"
"1","41","32228"
"41","9","18030"
"9","41","18030"
"41","44","59571"
"44","41","59571"
"42","10","60870"
"10","42","60870"
"42","47","55514"
"47","42","55514"
"42","27","64615"
"27","42","64615"
"42","53","10138"
"53","42","10138"
"42","35","53274"
"35","42","53274"
"42","20","10035"
"20","42","10035"
"42","51","65207"
"51","42","65207"
"42","0","27037"
"0","42","27037"
"42","48","38651"
"48","42","38651"
"42","41","4207"
"41","42","4207"
"42","56","37720"
"56","42","37720"
"42","60","10095"
"60","42","10095"
"42","19","35521"
"19","42","35521"
"42","33","58890"
"33","42","58890"
"42","21","54254"
"21","42","54254"
"42","45","30568"
"45","42","30568"
"42","26","6253"
"26","42","6253"
"42","2","48300"
"2","42","48300"
"43","58","62427"
"58","43","62427"
"43","3","18574"
"3","43","18574"
"43","0","39291"
"0","43","39291"
"43","45","23364"
"45","43","23364"
"43","42","62883"
"42","43","62883"
"43","48","58560"
"48","43","58560"
"43","50","63992"
"50","43","63992"
"43","60","57311"
"60","43","57311"
"43","38","39411"
"38","43","39411"
"43","8","52501"
"8","43","52501"
"43","51","1989"
"51","43","1989"
"44","48","63742"
"48","44","63742"
"44","61","60915"
"61","44","60915"
"44","22","28598"
"22","44","28598"
"44","26","12997"
"26","44","12997"
"44","53","48905"
"53","44","48905"
"44","17","35410"
"17","44","35410"
"44","43","9847"
"43","44","9847"
"44","7","47318"
"7","44","47318"
"44","29","41507"
"29","44","41507"
"44","9","62523"
"9","44","62523"
"44","6","35830"
"6","44","35830"
"44","12","43475"
"12","44","43475"
"45","7","34438"
"7","45","34438"
"45","50","10679"
"50","45","10679"
"45","46","40791"
"46","45","40791"
"45","37","19763"
"37","45","19763"
"45","52","19296"
"52","45","19296"
"45","0","45157"
"0","45","45157"
"45","9","12140"
"9","45","12140"
"45","34","58904"
"34","45","58904"
"45","61","36842"
"61","45","36842"
"45","11","52150"
"11","45","52150"
"45","10","20565"
"10","45","20565"
"45","54","5376"
"54","45","5376"
"45","25","43817"
"25","45","43817"
"45","23","57215"
"23","45","57215"
"46","33","28522"
"33","46","28522"
"46","1","53394"
"1","46","53394"
"46","50","41268"
"50","46","41268"
"46","52","22216"
"52","46","22216"
"46","30","39281"
"30","46","39281"
"46","58","58804"
"58","46","58804"
"46","0","23797"
"0","46","23797"
"46","9","24893"
"9","46","24893"
"46","13","33449"
"13","46","33449"
"46","3","63836"
"3","46","63836"
"46","4","60445"
"4","46","60445"
"46","22","62655"
"22","46","62655"
"47","44","6642"
"44","47","6642"
"47","12","50475"
"12","47","50475"
"47","24","38805"
"24","47","38805"
"47","25","6400"
"25","47","6400"
"47","51","21469"
"51","47","21469"
"47","50","7967"
"50","47","7967"
"47","57","11171"
"57","47","11171"
"47","61","48429"
"61","47","48429"
"47","19","47654"
"19","47","47654"
"47","43","15990"
"43","47","15990"
"47","48","30771"
"48","47","30771"
"47","10","44920"
"10","47","44920"
"47","2","43373"
"2","47","43373"
"47","3","63248"
"3","47","63248"
"47","54","33258"
"54","47","33258"
"47","6","43603"
"6","47","43603"
"48","19","58239"
"19","48","58239"
"48","4","12254"
"4","48","12254"
"48","50","7118"
"50","48","7118"
"48","21","52771"
"21","48","52771"
"48","34","10371"
"34","48","10371"
"48","39","39861"
"39","48","39861"
"48","27","61640"
"27","48","61640"
"48","16","57732"
"16","48","57732"
"48","36","25844"
"36","48","25844"
"48","38","2392"
"38","48","2392"
"48","18","11663"
"18","48","11663"
"48","3","39623"
"3","48","39623"
"48","41","41535"
"41","48","41535"
"48","55","36168"
"55","48","36168"
"48","1","16950"
"1","48","16950"
"48","52","11058"
"52","48","11058"
"49","46","58957"
"46","49","58957"
"49","13","46511"
"13","49","46511"
"49","54","30066"
"54","49","30066"
"49","38","16076"
"38","49","16076"
"49","34","12262"
"34","49","12262"
"49","42","59161"
"42","49","59161"
"49","7","16845"
"7","49","16845"
"49","20","46332"
"20","49","46332"
"49","12","6761"
"12","49","6761"
"49","60","4113"
"60","49","4113"
"49","18","52621"
"18","49","52621"
"50","14","58978"
"14","50","58978"
"50","2","34516"
"2","50","34516"
"50","58","46926"
"58","50","46926"
"50","7","4529"
"7","50","4529"
"50","33","42465"
"33","50","42465"
"50","1","49547"
"1","50","49547"
"50","55","40650"
"55","50","40650"
"50","30","39175"
"30","50","39175"
"50","56","17491"
"56","50","17491"
"50","24","391"
"24","50","391"
"50","59","16621"
"59","50","16621"
"50","63","39158"
"63","50","39158"
"50","6","28787"
"6","50","28787"
"50","5","50454"
"5","50","50454"
"50","20","53280"
"20","50","53280"
"50","40","63455"
"40","50","63455"
"50","42","53060"
"42","50","53060"
"50","57","41210"
"57","50","41210"
"50","9","21752"
"9","50","21752"
"51","44","10793"
"44","51","10793"
"51","13","16552"
"13","51","16552"
"51","17","35867"
"17","51","35867"
"51","31","3799"
"31","51","3799"
"51","48","2676"
"48","51","2676"
"51","56","53500"
"56","51","53500"
"51","55","19704"
"55","51","19704"
"51","54","57267"
"54","51","57267"
"51","19","39192"
"19","51","39192"
"51","63","29067"
"63","51","29067"
"51","57","14305"
"57","51","14305"
"51","28","60851"
"28","51","60851"
"51","3","52485"
"3","51","52485"
"51","60","2516"
"60","51","2516"
"52","44","40809"
"44","52","40809"
"52","34","21449"
"34","52","21449"
"52","31","9254"
"31","52","9254"
"52","60","21376"
"60","52","21376"
"52","50","36924"
"50","52","36924"
"52","56","9304"
"56","52","9304"
"52","4","606"
"4","52","606"
"52","39","11772"
"39","52","11772"
"52","53","53831"
"53","52","53831"
"52","35","17633"
"35","52","17633"
"52","58","40325"
"58","52","40325"
"52","49","19093"
"49","52","19093"
"52","43","25879"
"43","52","25879"
"52","14","27841"
"14","52","27841"
"52","26","61488"
"26","52","61488"
"53","59","7703"
"59","53","7703"
"53","60","10177"
"60","53","10177"
"53","28","60395"
"28","53","60395"
"53","23","33549"
"23","53","33549"
"53","47","747"
"47","53","747"
"53","31","60177"
"31","53","60177"
"53","1","51496"
"1","53","51496"
"53","32","16452"
"32","53","16452"
"53","9","51333"
"9","53","51333"
"53","58","62319"
"58","53","62319"
"53","27","62258"
"27","53","62258"
"53","7","51378"
"7","53","51378"
"53","57","31092"
"57","53","31092"
"53","63","42896"
"63","53","42896"
"54","38","44019"
"38","54","44019"
"54","13","13748"
"13","54","13748"
"54","24","1314"
"24","54","1314"
"54","50","16168"
"50","54","16168"
"54","42","20122"
"42","54","20122"
"54","61","21604"
"61","54","21604"
"54","53","55471"
"53","54","55471"
"54","52","38924"
"52","54","38924"
"54","56","25665"
"56","54","25665"
"54","15","51617"
"15","54","51617"
"54","21","44828"
"21","54","44828"
"54","44","9217"
"44","54","9217"
"54","55","37045"
"55","54","37045"
"54","59","25089"
"59","54","25089"
"54","19","33277"
"19","54","33277"
"54","37","22289"
"37","54","22289"
"55","52","34990"
"52","55","34990"
"55","2","54150"
"2","55","54150"
"55","58","18850"
"58","55","18850"
"55","46","2203"
"46","55","2203"
"55","18","47426"
"18","55","47426"
"55","47","56754"
"47","55","56754"
"55","43","58880"
"43","55","58880"
"55","6","40047"
"6","55","40047"
"55","33","13900"
"33","55","13900"
"55","17","21469"
"17","55","21469"
"55","27","30246"
"27","55","30246"
"55","22","2415"
"22","55","2415"
"55","34","17016"
"34","55","17016"
"55","57","49789"
"57","55","49789"
"55","49","10629"
"49","55","10629"
"55","62","43556"
"62","55","43556"
"56","33","16157"
"33","56","16157"
"56","61","39569"
"61","56","39569"
"56","32","39769"
"32","56","39769"
"56","10","64318"
"10","56","64318"
"56","59","40654"
"59","56","40654"
"56","53","43698"
"53","56","43698"
"56","46","25114"
"46","56","25114"
"56","45","7932"
"45","56","7932"
"56","0","2557"
"0","56","2557"
"56","19","27543"
"19","56","27543"
"56","22","58785"
"22","56","58785"
"56","21","2940"
"21","56","2940"
"56","26","56925"
"26","56","56925"
"56","38","20065"
"38","56","20065"
"56","41","51016"
"41","56","51016"
"56","24","19544"
"24","56","19544"
"57","54","23718"
"54","57","23718"
"57","63","21178"
"63","57","21178"
"57","59","63008"
"59","57","63008"
"57","9","8158"
"9","57","8158"
"57","17","23973"
"17","57","23973"
"57","33","40314"
"33","57","40314"
"57","34","36021"
"34","57","36021"
"57","19","2506"
"19","57","2506"
"57","6","33338"
"6","57","33338"
"57","43","14003"
"43","57","14003"
"57","37","4998"
"37","57","4998"
"57","30","63396"
"30","57","63396"
"57","28","14222"
"28","57","14222"
"57","60","55365"
"60","57","55365"
"57","23","49054"
"23","57","49054"
"57","58","52463"
"58","57","52463"
"57","12","47014"
"12","57","47014"
"58","62","59649"
"62","58","59649"
"58","40","25377"
"40","58","25377"
"58","29","3332"
"29","58","3332"
"58","0","18129"
"0","58","18129"
"58","7","12303"
"7","58","12303"
"58","56","40084"
"56","58","40084"
"58","20","24753"
"20","58","24753"
"58","54","4273"
"54","58","4273"
"58","24","34592"
"24","58","34592"
"58","59","25135"
"59","58","25135"
"58","42","44081"
"42","58","44081"
"58","25","33443"
"25","58","33443"
"58","5","50483"
"5","58","50483"
"58","6","63919"
"6","58","63919"
"58","10","28136"
"10","58","28136"
"59","4","64683"
"4","59","64683"
"59","52","24221"
"52","59","24221"
"59","17","31223"
"17","59","31223"
"59","43","36700"
"43","59","36700"
"59","28","51923"
"28","59","51923"
"59","55","15345"
"55","59","15345"
"59","21","50698"
"21","59","50698"
"59","30","51766"
"30","59","51766"
"59","47","16500"
"47","59","16500"
"60","16","16678"
"16","60","16678"
"60","62","39943"
"62","60","39943"
"60","1","65418"
"1","60","65418"
"60","35","19128"
"35","60","19128"
"60","13","43384"
"13","60","43384"
"60","7","56027"
"7","60","56027"
"60","9","46059"
"9","60","46059"
"60","61","4412"
"61","60","4412"
"60","36","58347"
"36","60","58347"
"61","49","39096"
"49","61","39096"
"61","17","12642"
"17","61","12642"
"61","1","51035"
"1","61","51035"
"61","29","12306"
"29","61","12306"
"61","34","34724"
"34","61","34724"
"61","13","52540"
"13","61","52540"
"61","38","35671"
"38","61","35671"
"61","55","28673"
"55","61","28673"
"61","26","35020"
"26","61","35020"
"61","18","42410"
"18","61","42410"
"61","15","58578"
"15","61","58578"
"61","5","3778"
"5","61","3778"
"61","53","41899"
"53","61","41899"
"62","54","33308"
"54","62","33308"
"62","42","43072"
"42","62","43072"
"62","49","20989"
"49","62","20989"
"62","63","3188"
"63","62","3188"
"62","0","22945"
"0","62","22945"
"62","19","42179"
"19","62","42179"
"62","50","7196"
"50","62","7196"
"62","32","21318"
"32","62","21318"
"62","56","56887"
"56","62","56887"
"62","16","48479"
"16","62","48479"
"62","23","23542"
"23","62","23542"
"62","48","47431"
"48","62","47431"
"62","3","38788"
"3","62","38788"
"62","40","32699"
"40","62","32699"
"62","2","28475"
"2","62","28475"
"63","39","55247"
"39","63","55247"
"63","12","60008"
"12","63","60008"
"63","49","2833"
"49","63","2833"
"63","15","43348"
"15","63","43348"
"63","42","39104"
"42","63","39104"
"63","54","54195"
"54","63","54195"
"63","59","17200"
"59","63","17200"
"63","21","22379"
"21","63","22379"
"63","31","8478"
"31","63","8478"
"63","36","22430"
"36","63","22430"
"63","17","15695"
"17","63","15695"
"63","6","19377"
"6","63","19377"
"63","11","19415"
"11","63","19415"
"63","38","24316"
"38","63","24316"
"63","16","15670"
"16","63","15670"
"63","25","4040"
"25","63","4040"
"63","30","58490"
"30","63","58490"
"63","13","12305"
"13","63","12305"
"63","46","42302"
"46","63","42302"
